2.050000000000000000e+01
2.419999999999999929e+01
1.989999999999999858e+01
1.860000000000000142e+01
1.519999999999999929e+01
2.310000000000000142e+01
2.089999999999999858e+01
1.590000000000000036e+01
2.050000000000000000e+01
2.350000000000000000e+01
1.800000000000000000e+01
2.730000000000000071e+01
3.050000000000000000e+01
2.489999999999999858e+01
3.030000000000000071e+01
2.860000000000000142e+01
2.739999999999999858e+01
3.429999999999999716e+01
3.260000000000000142e+01
4.050000000000000000e+01
3.889999999999999858e+01
4.100000000000000000e+01
3.069999999999999929e+01
4.050000000000000000e+01
4.379999999999999716e+01
3.989999999999999858e+01
4.370000000000000284e+01
4.039999999999999858e+01
3.720000000000000284e+01
4.029999999999999716e+01
3.900000000000000000e+01
4.350000000000000000e+01
3.800000000000000000e+01
3.169999999999999929e+01
2.660000000000000142e+01
2.769999999999999929e+01
2.219999999999999929e+01
2.210000000000000142e+01
2.300000000000000000e+01
2.500000000000000000e+01
2.789999999999999858e+01
2.539999999999999858e+01
2.539999999999999858e+01
2.239999999999999858e+01
3.850000000000000000e+01
2.739999999999999858e+01
2.739999999999999858e+01
2.569999999999999929e+01
3.870000000000000284e+01
3.429999999999999716e+01
3.220000000000000284e+01
2.830000000000000071e+01
2.810000000000000142e+01
3.210000000000000142e+01
3.100000000000000000e+01
3.310000000000000142e+01
4.310000000000000142e+01
4.279999999999999716e+01
6.389999999999999858e+01
5.970000000000000284e+01
5.120000000000000284e+01
1.055999999999999943e+02
9.609999999999999432e+01
1.165999999999999943e+02
1.805999999999999943e+02
8.029999999999999716e+01
2.255000000000000000e+02
2.016999999999999886e+02
2.350999999999999943e+02
2.461999999999999886e+02
1.808000000000000114e+02
7.579999999999999716e+01
7.740000000000000568e+01
7.729999999999999716e+01
1.027000000000000028e+02
8.690000000000000568e+01
6.039999999999999858e+01
6.129999999999999716e+01
4.700000000000000000e+01
9.920000000000000284e+01
7.420000000000000284e+01
9.640000000000000568e+01
1.012999999999999972e+02
8.870000000000000284e+01
9.259999999999999432e+01
1.014000000000000057e+02
8.570000000000000284e+01
9.390000000000000568e+01
8.459999999999999432e+01
8.909999999999999432e+01
1.418000000000000114e+02
2.718000000000000114e+02
1.212000000000000028e+02
8.809999999999999432e+01
8.079999999999999716e+01
1.676999999999999886e+02
2.876000000000000227e+02
1.328000000000000114e+02
1.578000000000000114e+02
1.315000000000000000e+02
2.883999999999999773e+02
2.161999999999999886e+02
2.261999999999999886e+02
1.903000000000000114e+02
1.202000000000000028e+02
1.300999999999999943e+02
1.340999999999999943e+02
1.371999999999999886e+02
9.150000000000000000e+01
7.890000000000000568e+01
9.920000000000000284e+01
1.227999999999999972e+02
1.883000000000000114e+02
1.267999999999999972e+02
1.255999999999999943e+02
1.030000000000000000e+02
1.716999999999999886e+02
8.520000000000000284e+01
1.401999999999999886e+02
1.363000000000000114e+02
1.370999999999999943e+02
9.379999999999999716e+01
1.065999999999999943e+02
9.440000000000000568e+01
1.375000000000000000e+02
1.097999999999999972e+02
1.177000000000000028e+02
1.222000000000000028e+02
1.450999999999999943e+02
7.609999999999999432e+01
7.909999999999999432e+01
6.160000000000000142e+01
9.259999999999999432e+01
7.050000000000000000e+01
6.520000000000000284e+01
4.650000000000000000e+01
5.689999999999999858e+01
8.270000000000000284e+01
6.459999999999999432e+01
1.204000000000000057e+02
1.170000000000000000e+02
1.090000000000000000e+02
1.529000000000000057e+02
8.809999999999999432e+01
7.120000000000000284e+01
1.010000000000000000e+02
1.152000000000000028e+02
1.265999999999999943e+02
8.529999999999999716e+01
7.420000000000000284e+01
1.376999999999999886e+02
1.105000000000000000e+02
1.047999999999999972e+02
1.300999999999999943e+02
1.811999999999999886e+02
1.227000000000000028e+02
2.379000000000000057e+02
2.745000000000000000e+02
1.645000000000000000e+02
1.585999999999999943e+02
3.335000000000000000e+02
3.163999999999999773e+02
2.726000000000000227e+02
2.998999999999999773e+02
2.485999999999999943e+02
3.173999999999999773e+02
3.255000000000000000e+02
2.588999999999999773e+02
1.726999999999999886e+02
2.344000000000000057e+02
2.583000000000000114e+02
2.801999999999999886e+02
1.861999999999999886e+02
2.881000000000000227e+02
2.410999999999999943e+02
1.641999999999999886e+02
2.721999999999999886e+02
1.067999999999999972e+02
1.363000000000000114e+02
1.095000000000000000e+02
1.000000000000000000e+02
8.500000000000000000e+01
6.400000000000000000e+01
5.970000000000000284e+01
1.152999999999999972e+02
5.539999999999999858e+01
2.953000000000000114e+02
2.690000000000000000e+02
1.929000000000000057e+02
2.204000000000000057e+02
2.554000000000000057e+02
1.473000000000000114e+02
2.348000000000000114e+02
1.390000000000000000e+02
6.809999999999999432e+01
1.300999999999999943e+02
1.934000000000000057e+02
2.220000000000000000e+02
2.010999999999999943e+02
2.555000000000000000e+02
