1.969999999999999929e+01
2.730000000000000071e+01
3.239999999999999858e+01
3.789999999999999858e+01
3.160000000000000142e+01
3.000000000000000000e+01
4.000000000000000000e+01
2.800000000000000000e+01
3.210000000000000142e+01
3.279999999999999716e+01
3.579999999999999716e+01
4.220000000000000284e+01
3.639999999999999858e+01
3.060000000000000142e+01
3.510000000000000142e+01
3.920000000000000284e+01
3.770000000000000284e+01
3.400000000000000000e+01
4.710000000000000142e+01
5.229999999999999716e+01
3.710000000000000142e+01
6.050000000000000000e+01
7.920000000000000284e+01
7.140000000000000568e+01
6.659999999999999432e+01
9.240000000000000568e+01
7.959999999999999432e+01
9.400000000000000000e+01
8.659999999999999432e+01
7.950000000000000000e+01
1.094000000000000057e+02
1.152000000000000028e+02
9.240000000000000568e+01
1.184000000000000057e+02
8.170000000000000284e+01
7.829999999999999716e+01
1.705000000000000000e+02
1.015999999999999943e+02
8.909999999999999432e+01
8.429999999999999716e+01
1.440000000000000000e+02
2.070000000000000000e+02
1.974000000000000057e+02
1.390000000000000000e+02
1.280000000000000000e+02
1.207000000000000028e+02
2.618999999999999773e+02
2.095999999999999943e+02
2.125000000000000000e+02
1.960999999999999943e+02
1.265999999999999943e+02
1.695999999999999943e+02
1.711999999999999886e+02
1.740000000000000000e+02
2.015999999999999943e+02
2.731000000000000227e+02
3.396999999999999886e+02
2.756999999999999886e+02
2.530999999999999943e+02
2.481999999999999886e+02
2.545000000000000000e+02
2.851999999999999886e+02
2.821000000000000227e+02
3.010000000000000000e+02
3.270000000000000000e+02
3.371999999999999886e+02
3.190000000000000000e+02
3.201000000000000227e+02
3.403000000000000114e+02
3.305000000000000000e+02
3.535000000000000000e+02
3.748000000000000114e+02
3.678000000000000114e+02
3.751000000000000227e+02
3.916999999999999886e+02
3.991999999999999886e+02
4.051000000000000227e+02
3.885000000000000000e+02
4.071999999999999886e+02
4.058000000000000114e+02
4.096000000000000227e+02
4.533000000000000114e+02
4.603999999999999773e+02
4.698000000000000114e+02
4.656999999999999886e+02
4.790000000000000000e+02
4.993999999999999773e+02
4.936999999999999886e+02
4.706999999999999886e+02
4.870000000000000000e+02
4.928000000000000114e+02
4.853000000000000114e+02
4.968000000000000114e+02
4.915000000000000000e+02
4.956999999999999886e+02
4.731000000000000227e+02
4.901000000000000227e+02
4.953999999999999773e+02
4.946000000000000227e+02
5.000000000000000000e+02
