1.719999999999999929e+01
1.710000000000000142e+01
2.580000000000000071e+01
1.660000000000000142e+01
1.780000000000000071e+01
2.119999999999999929e+01
1.650000000000000000e+01
1.580000000000000071e+01
1.730000000000000071e+01
2.950000000000000000e+01
5.870000000000000284e+01
9.390000000000000568e+01
1.055000000000000000e+02
5.079999999999999716e+01
7.320000000000000284e+01
9.920000000000000284e+01
1.415999999999999943e+02
1.007999999999999972e+02
1.184000000000000057e+02
1.583000000000000114e+02
1.696999999999999886e+02
1.514000000000000057e+02
1.723000000000000114e+02
2.128000000000000114e+02
1.664000000000000057e+02
2.175000000000000000e+02
2.001999999999999886e+02
2.044000000000000057e+02
2.778999999999999773e+02
3.116999999999999886e+02
3.368000000000000114e+02
2.475999999999999943e+02
2.340000000000000000e+02
2.130000000000000000e+02
2.243000000000000114e+02
1.685999999999999943e+02
1.863000000000000114e+02
2.068000000000000114e+02
2.286999999999999886e+02
2.366999999999999886e+02
2.808000000000000114e+02
1.630000000000000000e+02
2.591000000000000227e+02
2.721000000000000227e+02
3.138999999999999773e+02
2.484000000000000057e+02
3.968999999999999773e+02
3.123000000000000114e+02
3.263999999999999773e+02
2.660000000000000000e+02
2.049000000000000057e+02
2.010999999999999943e+02
2.101999999999999886e+02
1.615999999999999943e+02
1.645999999999999943e+02
1.370000000000000000e+02
1.870000000000000000e+02
2.110999999999999943e+02
2.066999999999999886e+02
1.955000000000000000e+02
2.806999999999999886e+02
2.613999999999999773e+02
2.596999999999999886e+02
2.443000000000000114e+02
2.843999999999999773e+02
3.856999999999999886e+02
3.071999999999999886e+02
3.451000000000000227e+02
2.878999999999999773e+02
2.793999999999999773e+02
3.483000000000000114e+02
3.141000000000000227e+02
3.528999999999999773e+02
2.329000000000000057e+02
2.218000000000000114e+02
1.541999999999999886e+02
1.212999999999999972e+02
7.800000000000000000e+01
6.700000000000000000e+01
7.429999999999999716e+01
3.270000000000000284e+01
5.210000000000000142e+01
1.426999999999999886e+02
2.976000000000000227e+02
2.009000000000000057e+02
2.040000000000000000e+02
1.690999999999999943e+02
2.160000000000000000e+02
2.450999999999999943e+02
2.100000000000000000e+02
3.653000000000000114e+02
4.223000000000000114e+02
4.593999999999999773e+02
3.583000000000000114e+02
3.098999999999999773e+02
3.708999999999999773e+02
2.970000000000000000e+02
3.603999999999999773e+02
4.545000000000000000e+02
4.818000000000000114e+02
3.998000000000000114e+02
3.338999999999999773e+02
3.086000000000000227e+02
3.533999999999999773e+02
4.138000000000000114e+02
4.256999999999999886e+02
4.538000000000000114e+02
4.618000000000000114e+02
4.945000000000000000e+02
4.798000000000000114e+02
4.313999999999999773e+02
4.141999999999999886e+02
2.735000000000000000e+02
2.980000000000000000e+02
2.871999999999999886e+02
2.596000000000000227e+02
1.881999999999999886e+02
1.814000000000000057e+02
1.785000000000000000e+02
1.833000000000000114e+02
3.411000000000000227e+02
3.311999999999999886e+02
3.596999999999999886e+02
3.871000000000000227e+02
4.706000000000000227e+02
4.348000000000000114e+02
3.273000000000000114e+02
4.731000000000000227e+02
3.613000000000000114e+02
3.321999999999999886e+02
1.740999999999999943e+02
2.500000000000000000e+02
4.525000000000000000e+02
5.000000000000000000e+02
