1.680000000000000071e+01
1.789999999999999858e+01
1.860000000000000142e+01
1.469999999999999929e+01
1.459999999999999964e+01
1.240000000000000036e+01
1.290000000000000036e+01
1.209999999999999964e+01
1.140000000000000036e+01
1.159999999999999964e+01
1.169999999999999929e+01
1.359999999999999964e+01
1.409999999999999964e+01
1.300000000000000000e+01
1.130000000000000071e+01
1.059999999999999964e+01
1.100000000000000000e+01
1.400000000000000000e+01
1.340000000000000036e+01
1.540000000000000036e+01
1.350000000000000000e+01
1.419999999999999929e+01
1.450000000000000000e+01
1.559999999999999964e+01
1.610000000000000142e+01
1.450000000000000000e+01
1.530000000000000071e+01
1.530000000000000071e+01
1.490000000000000036e+01
1.569999999999999929e+01
1.580000000000000071e+01
1.580000000000000071e+01
1.559999999999999964e+01
1.559999999999999964e+01
1.700000000000000000e+01
1.719999999999999929e+01
1.610000000000000142e+01
1.600000000000000000e+01
1.469999999999999929e+01
1.650000000000000000e+01
1.739999999999999858e+01
1.669999999999999929e+01
1.719999999999999929e+01
1.639999999999999858e+01
1.600000000000000000e+01
1.669999999999999929e+01
1.680000000000000071e+01
1.769999999999999929e+01
1.700000000000000000e+01
1.730000000000000071e+01
1.669999999999999929e+01
1.730000000000000071e+01
1.910000000000000142e+01
1.619999999999999929e+01
1.830000000000000071e+01
1.580000000000000071e+01
1.789999999999999858e+01
1.969999999999999929e+01
2.030000000000000071e+01
1.860000000000000142e+01
1.850000000000000000e+01
1.960000000000000142e+01
1.810000000000000142e+01
2.130000000000000071e+01
1.880000000000000071e+01
1.939999999999999858e+01
1.850000000000000000e+01
2.019999999999999929e+01
2.100000000000000000e+01
2.080000000000000071e+01
2.019999999999999929e+01
2.030000000000000071e+01
2.000000000000000000e+01
2.110000000000000142e+01
2.150000000000000000e+01
1.950000000000000000e+01
2.239999999999999858e+01
1.830000000000000071e+01
2.130000000000000071e+01
2.250000000000000000e+01
2.160000000000000142e+01
2.110000000000000142e+01
2.100000000000000000e+01
2.300000000000000000e+01
2.150000000000000000e+01
2.439999999999999858e+01
2.600000000000000000e+01
2.630000000000000071e+01
3.180000000000000071e+01
3.160000000000000142e+01
2.360000000000000142e+01
2.430000000000000071e+01
2.680000000000000071e+01
3.550000000000000000e+01
3.229999999999999716e+01
3.189999999999999858e+01
2.800000000000000000e+01
3.300000000000000000e+01
4.189999999999999858e+01
3.970000000000000284e+01
3.610000000000000142e+01
4.320000000000000284e+01
4.210000000000000142e+01
3.720000000000000284e+01
4.679999999999999716e+01
4.589999999999999858e+01
5.889999999999999858e+01
5.450000000000000000e+01
5.379999999999999716e+01
6.150000000000000000e+01
5.960000000000000142e+01
6.089999999999999858e+01
5.910000000000000142e+01
1.089000000000000057e+02
7.379999999999999716e+01
1.122000000000000028e+02
2.736999999999999886e+02
1.574000000000000057e+02
2.019000000000000057e+02
1.915999999999999943e+02
8.120000000000000284e+01
9.870000000000000284e+01
4.960000000000000142e+01
6.250000000000000000e+01
6.700000000000000000e+01
5.539999999999999858e+01
1.309000000000000057e+02
1.925999999999999943e+02
2.090999999999999943e+02
6.740000000000000568e+01
5.400000000000000000e+01
7.629999999999999716e+01
1.940000000000000000e+02
2.996000000000000227e+02
3.593000000000000114e+02
3.776999999999999886e+02
3.901999999999999886e+02
4.736000000000000227e+02
4.911999999999999886e+02
4.750000000000000000e+02
4.883999999999999773e+02
5.000000000000000000e+02
