2.480000000000000071e+01
1.819999999999999929e+01
1.780000000000000071e+01
1.769999999999999929e+01
1.559999999999999964e+01
1.619999999999999929e+01
1.350000000000000000e+01
1.090000000000000036e+01
1.450000000000000000e+01
1.190000000000000036e+01
1.280000000000000071e+01
1.080000000000000071e+01
1.150000000000000000e+01
1.130000000000000071e+01
1.100000000000000000e+01
1.069999999999999929e+01
1.059999999999999964e+01
1.000000000000000000e+01
1.119999999999999929e+01
1.000000000000000000e+01
1.009999999999999964e+01
1.739999999999999858e+01
1.710000000000000142e+01
2.380000000000000071e+01
2.210000000000000142e+01
2.680000000000000071e+01
2.489999999999999858e+01
2.769999999999999929e+01
2.469999999999999929e+01
2.639999999999999858e+01
2.680000000000000071e+01
2.739999999999999858e+01
2.780000000000000071e+01
2.419999999999999929e+01
2.500000000000000000e+01
2.580000000000000071e+01
2.800000000000000000e+01
2.869999999999999929e+01
2.480000000000000071e+01
2.769999999999999929e+01
2.789999999999999858e+01
2.919999999999999929e+01
3.379999999999999716e+01
3.100000000000000000e+01
2.760000000000000142e+01
2.530000000000000071e+01
2.800000000000000000e+01
2.769999999999999929e+01
3.019999999999999929e+01
3.350000000000000000e+01
2.880000000000000071e+01
2.900000000000000000e+01
2.930000000000000071e+01
2.789999999999999858e+01
2.669999999999999929e+01
3.139999999999999858e+01
3.180000000000000071e+01
3.720000000000000284e+01
3.529999999999999716e+01
4.760000000000000142e+01
5.089999999999999858e+01
6.220000000000000284e+01
6.700000000000000000e+01
7.850000000000000000e+01
8.450000000000000000e+01
9.750000000000000000e+01
1.085000000000000000e+02
1.139000000000000057e+02
1.222000000000000028e+02
1.125999999999999943e+02
1.232000000000000028e+02
1.252999999999999972e+02
1.296999999999999886e+02
1.295000000000000000e+02
1.255000000000000000e+02
1.500000000000000000e+02
1.449000000000000057e+02
1.465000000000000000e+02
1.399000000000000057e+02
1.373000000000000114e+02
1.490000000000000000e+02
1.630000000000000000e+02
1.990999999999999943e+02
2.435000000000000000e+02
2.683999999999999773e+02
3.545000000000000000e+02
3.961999999999999886e+02
4.866999999999999886e+02
4.225000000000000000e+02
4.181999999999999886e+02
3.301000000000000227e+02
4.126999999999999886e+02
4.031000000000000227e+02
3.738000000000000114e+02
2.643999999999999773e+02
1.834000000000000057e+02
3.538999999999999773e+02
4.448000000000000114e+02
4.746999999999999886e+02
5.000000000000000000e+02
