2.660000000000000142e+01
2.060000000000000142e+01
2.250000000000000000e+01
1.830000000000000071e+01
1.739999999999999858e+01
2.330000000000000071e+01
2.089999999999999858e+01
4.470000000000000284e+01
2.060000000000000142e+01
4.560000000000000142e+01
3.910000000000000142e+01
5.900000000000000000e+01
5.289999999999999858e+01
6.750000000000000000e+01
5.460000000000000142e+01
4.770000000000000284e+01
4.979999999999999716e+01
7.250000000000000000e+01
7.900000000000000000e+01
8.320000000000000284e+01
8.120000000000000284e+01
1.067999999999999972e+02
1.137999999999999972e+02
8.629999999999999716e+01
8.970000000000000284e+01
8.479999999999999716e+01
8.479999999999999716e+01
1.004000000000000057e+02
6.829999999999999716e+01
8.270000000000000284e+01
3.810000000000000142e+01
4.820000000000000284e+01
5.829999999999999716e+01
6.329999999999999716e+01
7.540000000000000568e+01
8.870000000000000284e+01
1.142999999999999972e+02
1.511999999999999886e+02
1.324000000000000057e+02
1.395999999999999943e+02
1.220000000000000000e+02
1.416999999999999886e+02
2.138000000000000114e+02
1.870999999999999943e+02
1.496999999999999886e+02
1.318000000000000114e+02
2.134000000000000057e+02
3.255000000000000000e+02
2.826000000000000227e+02
3.065000000000000000e+02
2.535999999999999943e+02
4.386999999999999886e+02
4.058000000000000114e+02
4.265000000000000000e+02
3.976999999999999886e+02
3.471000000000000227e+02
2.776000000000000227e+02
3.608999999999999773e+02
4.483999999999999773e+02
4.750000000000000000e+02
5.000000000000000000e+02
