2.089999999999999858e+01
1.860000000000000142e+01
1.660000000000000142e+01
1.400000000000000000e+01
1.350000000000000000e+01
1.290000000000000036e+01
1.169999999999999929e+01
1.190000000000000036e+01
1.330000000000000071e+01
1.190000000000000036e+01
1.209999999999999964e+01
1.550000000000000000e+01
1.650000000000000000e+01
1.800000000000000000e+01
1.750000000000000000e+01
1.830000000000000071e+01
1.889999999999999858e+01
2.000000000000000000e+01
2.600000000000000000e+01
2.230000000000000071e+01
1.969999999999999929e+01
2.269999999999999929e+01
2.519999999999999929e+01
3.639999999999999858e+01
3.329999999999999716e+01
2.780000000000000071e+01
2.539999999999999858e+01
2.250000000000000000e+01
3.000000000000000000e+01
3.169999999999999929e+01
3.150000000000000000e+01
3.169999999999999929e+01
3.089999999999999858e+01
2.700000000000000000e+01
3.450000000000000000e+01
3.110000000000000142e+01
3.450000000000000000e+01
4.129999999999999716e+01
3.150000000000000000e+01
3.189999999999999858e+01
3.550000000000000000e+01
4.529999999999999716e+01
3.560000000000000142e+01
3.500000000000000000e+01
2.850000000000000000e+01
2.810000000000000142e+01
2.719999999999999929e+01
2.560000000000000142e+01
2.789999999999999858e+01
2.900000000000000000e+01
3.550000000000000000e+01
3.000000000000000000e+01
2.869999999999999929e+01
5.700000000000000000e+01
2.350000000000000000e+01
1.760000000000000142e+01
7.959999999999999432e+01
8.640000000000000568e+01
1.237000000000000028e+02
8.659999999999999432e+01
1.743000000000000114e+02
2.065999999999999943e+02
2.413000000000000114e+02
3.426999999999999886e+02
1.007000000000000028e+02
1.445999999999999943e+02
2.078000000000000114e+02
3.036999999999999886e+02
4.223999999999999773e+02
3.910000000000000000e+02
3.883999999999999773e+02
3.311999999999999886e+02
3.213999999999999773e+02
2.898000000000000114e+02
2.775000000000000000e+02
2.756000000000000227e+02
2.661000000000000227e+02
2.571999999999999886e+02
2.638999999999999773e+02
2.560000000000000000e+02
2.656999999999999886e+02
2.665000000000000000e+02
2.545000000000000000e+02
2.473000000000000114e+02
1.843000000000000114e+02
1.631999999999999886e+02
1.355999999999999943e+02
6.790000000000000568e+01
1.002999999999999972e+02
7.470000000000000284e+01
5.289999999999999858e+01
4.539999999999999858e+01
5.429999999999999716e+01
9.070000000000000284e+01
8.050000000000000000e+01
6.659999999999999432e+01
8.270000000000000284e+01
6.039999999999999858e+01
5.500000000000000000e+01
6.550000000000000000e+01
4.289999999999999858e+01
6.339999999999999858e+01
9.070000000000000284e+01
1.200000000000000000e+02
2.031999999999999886e+02
1.215999999999999943e+02
8.200000000000000000e+01
1.119000000000000057e+02
1.227000000000000028e+02
1.601999999999999886e+02
1.368000000000000114e+02
1.363000000000000114e+02
1.676999999999999886e+02
1.573000000000000114e+02
1.534000000000000057e+02
3.736999999999999886e+02
5.000000000000000000e+02
