2.510000000000000142e+01
2.650000000000000000e+01
2.380000000000000071e+01
1.639999999999999858e+01
1.369999999999999929e+01
1.519999999999999929e+01
2.660000000000000142e+01
4.689999999999999858e+01
5.410000000000000142e+01
5.739999999999999858e+01
5.539999999999999858e+01
4.789999999999999858e+01
6.350000000000000000e+01
5.939999999999999858e+01
5.460000000000000142e+01
5.900000000000000000e+01
7.270000000000000284e+01
5.920000000000000284e+01
5.570000000000000284e+01
6.370000000000000284e+01
6.629999999999999716e+01
6.279999999999999716e+01
4.250000000000000000e+01
4.239999999999999858e+01
4.320000000000000284e+01
3.750000000000000000e+01
4.400000000000000000e+01
3.950000000000000000e+01
4.039999999999999858e+01
4.620000000000000284e+01
4.010000000000000142e+01
4.879999999999999716e+01
3.970000000000000284e+01
4.920000000000000284e+01
3.950000000000000000e+01
3.879999999999999716e+01
4.339999999999999858e+01
3.760000000000000142e+01
4.770000000000000284e+01
5.000000000000000000e+01
7.540000000000000568e+01
1.085999999999999943e+02
1.234000000000000057e+02
1.260999999999999943e+02
1.134000000000000057e+02
1.598000000000000114e+02
2.020999999999999943e+02
1.494000000000000057e+02
3.460000000000000142e+01
7.190000000000000568e+01
8.529999999999999716e+01
5.479999999999999716e+01
2.793999999999999773e+02
2.535000000000000000e+02
3.871000000000000227e+02
2.785000000000000000e+02
3.321000000000000227e+02
2.991000000000000227e+02
2.474000000000000057e+02
2.535000000000000000e+02
2.580000000000000000e+02
3.516000000000000227e+02
4.698000000000000114e+02
5.000000000000000000e+02
