2.150000000000000000e+01
2.480000000000000071e+01
1.739999999999999858e+01
1.500000000000000000e+01
1.730000000000000071e+01
1.810000000000000142e+01
1.930000000000000071e+01
3.450000000000000000e+01
2.219999999999999929e+01
2.419999999999999929e+01
2.500000000000000000e+01
1.980000000000000071e+01
2.569999999999999929e+01
2.519999999999999929e+01
2.030000000000000071e+01
2.219999999999999929e+01
2.180000000000000071e+01
2.450000000000000000e+01
2.450000000000000000e+01
2.139999999999999858e+01
2.360000000000000142e+01
3.119999999999999929e+01
2.419999999999999929e+01
2.300000000000000000e+01
2.339999999999999858e+01
2.669999999999999929e+01
2.489999999999999858e+01
2.510000000000000142e+01
3.210000000000000142e+01
3.150000000000000000e+01
3.030000000000000071e+01
2.739999999999999858e+01
2.989999999999999858e+01
2.750000000000000000e+01
2.619999999999999929e+01
3.069999999999999929e+01
3.210000000000000142e+01
3.019999999999999929e+01
3.289999999999999858e+01
2.630000000000000071e+01
3.210000000000000142e+01
2.850000000000000000e+01
2.989999999999999858e+01
3.160000000000000142e+01
3.210000000000000142e+01
3.310000000000000142e+01
2.639999999999999858e+01
3.239999999999999858e+01
2.980000000000000071e+01
4.460000000000000142e+01
5.770000000000000284e+01
5.089999999999999858e+01
5.670000000000000284e+01
5.050000000000000000e+01
1.049000000000000057e+02
1.242000000000000028e+02
5.610000000000000142e+01
1.065000000000000000e+02
6.360000000000000142e+01
1.182999999999999972e+02
1.366999999999999886e+02
1.410000000000000000e+02
1.310000000000000000e+02
8.009999999999999432e+01
9.650000000000000000e+01
9.320000000000000284e+01
8.009999999999999432e+01
1.225000000000000000e+02
1.450000000000000000e+02
1.719000000000000057e+02
1.889000000000000057e+02
1.613000000000000114e+02
2.004000000000000057e+02
2.906999999999999886e+02
3.668999999999999773e+02
4.948000000000000114e+02
5.000000000000000000e+02
