2.369999999999999929e+01
1.939999999999999858e+01
2.569999999999999929e+01
2.619999999999999929e+01
4.210000000000000142e+01
5.579999999999999716e+01
4.489999999999999858e+01
6.570000000000000284e+01
6.870000000000000284e+01
6.970000000000000284e+01
4.989999999999999858e+01
5.120000000000000284e+01
4.570000000000000284e+01
4.660000000000000142e+01
5.050000000000000000e+01
6.250000000000000000e+01
5.200000000000000000e+01
4.900000000000000000e+01
3.889999999999999858e+01
5.339999999999999858e+01
8.579999999999999716e+01
5.360000000000000142e+01
5.329999999999999716e+01
4.960000000000000142e+01
4.550000000000000000e+01
6.029999999999999716e+01
4.129999999999999716e+01
4.679999999999999716e+01
4.720000000000000284e+01
6.670000000000000284e+01
4.570000000000000284e+01
5.879999999999999716e+01
1.010999999999999943e+02
1.002000000000000028e+02
1.665999999999999943e+02
1.424000000000000057e+02
1.695000000000000000e+02
1.599000000000000057e+02
1.170000000000000000e+02
1.430999999999999943e+02
1.490999999999999943e+02
1.510000000000000000e+02
1.164000000000000057e+02
9.079999999999999716e+01
1.050000000000000000e+02
1.140000000000000000e+02
1.593000000000000114e+02
1.925000000000000000e+02
1.750999999999999943e+02
1.521999999999999886e+02
1.680999999999999943e+02
1.291999999999999886e+02
1.365999999999999943e+02
1.445000000000000000e+02
1.468000000000000114e+02
1.720000000000000000e+02
1.455999999999999943e+02
1.608000000000000114e+02
1.829000000000000057e+02
1.880000000000000000e+02
1.906999999999999886e+02
1.880000000000000000e+02
1.586999999999999886e+02
1.661999999999999886e+02
1.803000000000000114e+02
1.775999999999999943e+02
1.439000000000000057e+02
1.600000000000000000e+02
1.574000000000000057e+02
1.585000000000000000e+02
1.498000000000000114e+02
1.360999999999999943e+02
1.793000000000000114e+02
1.455999999999999943e+02
1.564000000000000057e+02
1.781999999999999886e+02
1.763000000000000114e+02
1.771999999999999886e+02
1.798000000000000114e+02
1.775999999999999943e+02
1.566999999999999886e+02
1.635999999999999943e+02
1.873000000000000114e+02
1.965000000000000000e+02
1.781999999999999886e+02
1.761999999999999886e+02
1.784000000000000057e+02
1.996999999999999886e+02
1.899000000000000057e+02
1.813000000000000114e+02
1.769000000000000057e+02
1.790999999999999943e+02
1.719000000000000057e+02
1.919000000000000057e+02
1.781999999999999886e+02
1.976999999999999886e+02
2.003000000000000114e+02
2.158000000000000114e+02
2.295999999999999943e+02
2.065999999999999943e+02
2.099000000000000057e+02
2.188000000000000114e+02
2.200999999999999943e+02
2.150999999999999943e+02
2.200999999999999943e+02
2.328000000000000114e+02
2.535999999999999943e+02
2.336999999999999886e+02
2.358000000000000114e+02
2.146999999999999886e+02
2.495999999999999943e+02
2.516999999999999886e+02
2.415000000000000000e+02
2.513000000000000114e+02
2.435000000000000000e+02
2.613999999999999773e+02
2.706000000000000227e+02
2.658999999999999773e+02
2.618000000000000114e+02
2.726999999999999886e+02
2.586999999999999886e+02
2.420000000000000000e+02
2.551999999999999886e+02
2.571000000000000227e+02
2.688000000000000114e+02
3.050000000000000000e+02
2.693000000000000114e+02
2.818000000000000114e+02
2.726000000000000227e+02
2.566000000000000227e+02
2.813000000000000114e+02
2.598999999999999773e+02
2.438000000000000114e+02
2.905000000000000000e+02
2.768000000000000114e+02
2.658000000000000114e+02
2.593000000000000114e+02
2.598000000000000114e+02
2.886000000000000227e+02
2.748000000000000114e+02
2.628000000000000114e+02
2.761999999999999886e+02
2.731000000000000227e+02
2.813999999999999773e+02
2.645000000000000000e+02
2.785000000000000000e+02
2.831000000000000227e+02
2.871000000000000227e+02
2.828000000000000114e+02
2.920000000000000000e+02
2.878000000000000114e+02
2.613000000000000114e+02
2.805000000000000000e+02
2.881000000000000227e+02
2.836999999999999886e+02
2.811000000000000227e+02
2.878000000000000114e+02
2.921000000000000227e+02
2.953999999999999773e+02
2.961000000000000227e+02
2.910000000000000000e+02
3.028000000000000114e+02
3.066999999999999886e+02
3.235000000000000000e+02
3.108999999999999773e+02
3.086999999999999886e+02
3.131000000000000227e+02
3.253999999999999773e+02
3.400000000000000000e+02
3.183000000000000114e+02
3.631999999999999886e+02
3.231999999999999886e+02
3.411999999999999886e+02
3.256999999999999886e+02
3.548999999999999773e+02
3.585000000000000000e+02
3.618999999999999773e+02
3.310000000000000000e+02
3.325000000000000000e+02
3.630000000000000000e+02
3.621999999999999886e+02
3.466999999999999886e+02
3.520000000000000000e+02
3.353000000000000114e+02
3.221000000000000227e+02
3.416000000000000227e+02
3.591000000000000227e+02
3.571999999999999886e+02
3.823999999999999773e+02
3.363999999999999773e+02
3.580000000000000000e+02
3.506999999999999886e+02
3.831000000000000227e+02
3.791999999999999886e+02
3.461000000000000227e+02
3.558999999999999773e+02
3.723000000000000114e+02
3.570000000000000000e+02
3.841000000000000227e+02
3.716000000000000227e+02
